0 1163 796 792 218 387 798 496 962 178 161 514 714 654 1157 272 678 210 940 802 292 989 1070 1 511
1163 0 609 284 587 635 479 642 922 151 14 850 765 654 639 538 48 1090 339 1133 135 574 973 628 950
796 609 0 888 512 1087 263 69 614 934 647 326 720 339 428 442 664 1114 170 461 1137 597 1 1100 388
792 284 888 0 373 1200 48 743 405 4 498 355 1130 107 209 1096 484 17 185 682 80 776 704 271 1119
218 587 512 373 0 345 697 541 1099 63 508 618 290 732 29 586 364 745 874 179 832 325 146 295 947
387 635 1087 1200 345 0 1180 592 237 213 1068 924 1017 466 42 821 1174 846 461 1097 921 227 180 562 868
798 479 263 48 697 1180 0 760 835 858 967 562 511 25 266 871 122 429 174 418 137 163 1017 512 321
496 642 69 743 541 592 760 0 48 1112 47 606 566 453 160 442 1122 739 887 12 613 1055 610 17 827
962 922 614 405 1099 237 835 48 0 742 333 66 127 608 1013 703 715 266 723 515 24 180 660 898 467
178 151 934 4 63 213 858 1112 742 0 385 863 1161 1129 1184 324 246 900 1033 2 1116 806 863 235 661
161 14 647 498 508 1068 967 47 333 385 0 320 580 623 1148 215 1175 87 792 758 1192 906 595 671 935
514 850 326 355 618 924 562 606 66 863 320 0 515 1172 1057 51 377 993 1110 5 824 354 745 513 283
714 765 720 1130 290 1017 511 566 127 1161 580 515 0 239 431 474 1017 134 57 157 120 547 894 349 118
654 654 339 107 732 466 25 453 608 1129 623 1172 239 0 489 392 364 1190 397 4 717 847 1109 278 184
1157 639 428 209 29 42 266 160 1013 1184 1148 1057 431 489 0 458 178 272 1114 1043 999 537 1167 5 56
272 538 442 1096 586 821 871 442 703 324 215 51 474 392 458 0 1165 297 994 1104 1197 17 542 261 1089
678 48 664 484 364 1174 122 1122 715 246 1175 377 1017 364 178 1165 0 1007 793 269 793 569 190 601 1033
210 1090 1114 17 745 846 429 739 266 900 87 993 134 1190 272 297 1007 0 718 398 1112 368 872 140 275
940 339 170 185 874 461 174 887 723 1033 792 1110 57 397 1114 994 793 718 0 750 668 3 857 899 652
802 1133 461 682 179 1097 418 12 515 2 758 5 157 4 1043 1104 269 398 750 0 105 273 858 158 1141
292 135 1137 80 832 921 137 613 24 1116 1192 824 120 717 999 1197 793 1112 668 105 0 9 291 1076 993
989 574 597 776 325 227 163 1055 180 806 906 354 547 847 537 17 569 368 3 273 9 0 297 460 895
1070 973 1 704 146 180 1017 610 660 863 595 745 894 1109 1167 542 190 872 857 858 291 297 0 383 465
1 628 1100 271 295 562 512 17 898 235 671 513 349 278 5 261 601 140 899 158 1076 460 383 0 679
511 950 388 1119 947 868 321 827 467 661 935 283 118 184 56 1089 1033 275 652 1141 993 895 465 679 0
