0 540 587 852 875 350 146 417 1005 967 921 785 669 213 915 394 240 486 980 230 965 440 78 1040 462 579 843 436 126 362 51 774 798 804 1189 871 499 497 1150 392 987 1195 1136 24 784 1060 1004 785 354 301
540 0 412 788 589 22 977 814 967 877 413 1012 590 981 997 868 452 266 891 1185 526 489 1016 882 314 539 65 513 1048 610 623 364 50 324 715 263 636 1141 95 67 688 696 194 7 1140 67 912 2 270 125
587 412 0 249 553 828 650 433 501 1016 1061 84 466 59 1164 77 925 196 180 665 245 17 721 1118 796 152 814 505 288 1095 568 851 527 483 614 161 143 51 243 1040 1118 1164 940 687 901 112 805 2 687 1025
852 788 249 0 849 33 592 1016 724 221 618 12 1142 395 47 463 959 513 213 654 312 418 677 496 284 1001 238 212 502 281 817 679 379 664 767 10 774 898 190 919 1105 57 1164 1094 809 902 795 828 383 20
875 589 553 849 0 201 1028 1112 294 33 486 1128 808 386 221 720 205 931 1197 615 568 742 635 837 462 375 218 767 664 382 986 804 760 838 154 242 141 570 932 650 850 975 86 487 410 816 545 659 314 1111
350 22 828 33 201 0 503 139 165 368 267 995 739 701 744 847 481 527 475 595 537 157 715 522 1114 1012 359 1184 93 373 695 698 21 1059 85 586 1142 606 1008 253 26 231 1067 631 908 1090 800 720 145 660
146 977 650 592 1028 503 0 392 336 753 155 406 406 138 54 175 140 392 866 1160 564 542 40 1089 851 982 1125 372 1152 13 577 741 652 218 950 881 430 262 773 1008 1157 937 213 692 222 555 970 509 65 527
417 814 433 1016 1112 139 392 0 1174 1183 504 615 801 371 22 368 4 1096 941 552 747 322 246 661 579 296 590 171 844 567 711 48 1097 918 407 1196 161 536 928 372 1091 724 707 1138 1016 842 924 1061 22 787
1005 967 501 724 294 165 336 1174 0 201 647 664 926 816 504 993 582 712 906 836 844 733 925 46 366 935 941 27 575 144 60 545 875 1040 539 522 309 248 850 230 568 25 549 997 938 1021 620 212 908 1076
967 877 1016 221 33 368 753 1183 201 0 348 554 338 93 841 1196 891 1094 464 619 1048 361 334 194 561 109 577 538 675 608 483 629 222 910 585 506 171 736 867 1130 497 83 1158 779 537 1180 42 493 460 1055
921 413 1061 618 486 267 155 504 647 348 0 24 304 143 1031 492 916 252 664 902 1136 178 122 319 85 1184 22 377 789 969 900 888 748 20 352 767 1150 835 677 863 481 583 242 819 812 895 231 405 230 183
785 1012 84 12 1128 995 406 615 664 554 24 0 151 458 474 370 725 56 60 1154 879 358 707 699 748 1077 80 798 1007 1036 697 599 455 723 808 800 1139 167 887 786 1120 936 204 38 559 518 464 269 683 1200
669 590 466 1142 808 739 406 801 926 338 304 151 0 837 1097 691 261 632 957 842 676 1118 24 323 992 1102 1073 407 422 778 1148 826 187 80 869 891 590 1169 572 942 481 141 1083 358 980 628 857 911 546 868
213 981 59 395 386 701 138 371 816 93 143 458 837 0 873 421 805 440 1104 570 63 296 39 678 197 833 1093 1003 475 913 83 947 416 189 330 829 203 672 79 825 10 56 1020 897 868 634 821 66 165 678
915 997 1164 47 221 744 54 22 504 841 1031 474 1097 873 0 1155 193 820 1019 454 471 210 1086 717 733 868 986 632 767 418 846 957 1054 1064 809 166 252 706 1153 485 460 352 13 1193 395 831 956 328 364 666
394 868 77 463 720 847 175 368 993 1196 492 370 691 421 1155 0 800 1084 91 985 1086 250 924 188 594 901 803 712 823 957 297 1199 642 231 320 1075 1181 647 678 387 99 302 791 27 852 1196 761 789 162 59
240 452 925 959 205 481 140 4 582 891 916 725 261 805 193 800 0 860 659 725 102 1120 804 657 557 686 138 689 782 160 402 893 506 640 1058 873 352 470 240 305 926 1161 272 1129 732 1118 1146 732 854 422
486 266 196 513 931 527 392 1096 712 1094 252 56 632 440 820 1084 860 0 559 1044 181 1115 207 853 862 508 238 981 464 277 884 377 835 971 582 58 534 426 867 960 607 1113 755 953 595 16 927 870 195 113
980 891 180 213 1197 475 866 941 906 464 664 60 957 1104 1019 91 659 559 0 529 966 1130 381 680 675 655 845 830 805 713 568 1103 842 94 845 127 426 918 1171 106 1151 275 374 74 504 1128 767 229 215 1186
230 1185 665 654 615 595 1160 552 836 619 902 1154 842 570 454 985 725 1044 529 0 1104 848 344 719 362 612 477 538 172 598 711 853 676 916 233 875 750 105 182 880 648 1062 550 146 308 703 534 312 619 266
965 526 245 312 568 537 564 747 844 1048 1136 879 676 63 471 1086 102 181 966 1104 0 735 468 676 706 1129 565 876 925 1155 156 704 380 999 313 205 284 1024 1097 5 435 1097 969 50 289 706 1053 364 608 700
440 489 17 418 742 157 542 322 733 361 178 358 1118 296 210 250 1120 1115 1130 848 735 0 963 377 729 79 515 634 1061 147 805 743 334 983 747 125 272 817 1180 824 307 944 508 575 826 597 182 61 569 286
78 1016 721 677 635 715 40 246 925 334 122 707 24 39 1086 924 804 207 381 344 468 963 0 220 886 569 592 146 687 404 41 239 487 809 920 1061 167 137 386 83 508 133 667 683 807 672 411 389 207 483
1040 882 1118 496 837 522 1089 661 46 194 319 699 323 678 717 188 657 853 680 719 676 377 220 0 970 765 488 573 992 611 425 1049 1130 854 437 547 991 1085 322 1144 685 266 526 566 693 791 533 102 463 827
462 314 796 284 462 1114 851 579 366 561 85 748 992 197 733 594 557 862 675 362 706 729 886 970 0 956 192 910 1014 130 1076 1042 183 402 1032 386 348 911 399 707 830 858 919 307 1059 784 932 44 1111 386
579 539 152 1001 375 1012 982 296 935 109 1184 1077 1102 833 868 901 686 508 655 612 1129 79 569 765 956 0 774 475 464 895 1027 531 1175 918 972 985 1154 722 935 725 249 1075 302 880 5 118 783 350 1070 815
843 65 814 238 218 359 1125 590 941 577 22 80 1073 1093 986 803 138 238 845 477 565 515 592 488 192 774 0 603 1121 495 890 371 217 992 225 370 174 882 296 650 283 21 1156 259 590 674 57 626 1159 1191
436 513 505 212 767 1184 372 171 27 538 377 798 407 1003 632 712 689 981 830 538 876 634 146 573 910 475 603 0 39 264 430 770 965 1194 185 436 407 884 927 348 340 391 147 209 344 602 420 774 997 1079
126 1048 288 502 664 93 1152 844 575 675 789 1007 422 475 767 823 782 464 805 172 925 1061 687 992 1014 464 1121 39 0 921 650 569 156 217 180 765 1152 843 1157 1159 369 244 344 729 730 498 15 438 226 946
362 610 1095 281 382 373 13 567 144 608 969 1036 778 913 418 957 160 277 713 598 1155 147 404 611 130 895 495 264 921 0 193 166 198 789 70 547 105 235 522 124 1 185 1012 826 184 1166 1101 924 1191 949
51 623 568 817 986 695 577 711 60 483 900 697 1148 83 846 297 402 884 568 711 156 805 41 425 1076 1027 890 430 650 193 0 555 455 385 229 15 126 131 724 384 1193 744 404 718 249 52 1034 1127 882 292
774 364 851 679 804 698 741 48 545 629 888 599 826 947 957 1199 893 377 1103 853 704 743 239 1049 1042 531 371 770 569 166 555 0 1026 1149 269 336 1041 886 619 1147 587 103 492 420 6 210 730 944 1060 188
798 50 527 379 760 21 652 1097 875 222 748 455 187 416 1054 642 506 835 842 676 380 334 487 1130 183 1175 217 965 156 198 455 1026 0 284 268 476 689 656 814 501 77 71 232 752 778 248 161 163 757 1198
804 324 483 664 838 1059 218 918 1040 910 20 723 80 189 1064 231 640 971 94 916 999 983 809 854 402 918 992 1194 217 789 385 1149 284 0 741 908 808 168 407 666 305 926 1047 64 747 217 1089 276 163 435
1189 715 614 767 154 85 950 407 539 585 352 808 869 330 809 320 1058 582 845 233 313 747 920 437 1032 972 225 185 180 70 229 269 268 741 0 258 911 203 870 379 1191 396 244 931 407 220 47 985 114 349
871 263 161 10 242 586 881 1196 522 506 767 800 891 829 166 1075 873 58 127 875 205 125 1061 547 386 985 370 436 765 547 15 336 476 908 258 0 1184 1199 1008 510 1121 824 845 1070 718 437 357 331 561 809
499 636 143 774 141 1142 430 161 309 171 1150 1139 590 203 252 1181 352 534 426 750 284 272 167 991 348 1154 174 407 1152 105 126 1041 689 808 911 1184 0 738 560 438 1051 924 166 1102 610 1168 328 231 974 913
497 1141 51 898 570 606 262 536 248 736 835 167 1169 672 706 647 470 426 918 105 1024 817 137 1085 911 722 882 884 843 235 131 886 656 168 203 1199 738 0 1086 1159 65 1161 317 1187 168 871 1157 539 720 89
1150 95 243 190 932 1008 773 928 850 867 677 887 572 79 1153 678 240 867 1171 182 1097 1180 386 322 399 935 296 927 1157 522 724 619 814 407 870 1008 560 1086 0 1157 248 944 680 413 654 134 260 436 290 489
392 67 1040 919 650 253 1008 372 230 1130 863 786 942 825 485 387 305 960 106 880 5 824 83 1144 707 725 650 348 1159 124 384 1147 501 666 379 510 438 1159 1157 0 342 79 74 514 308 541 279 687 651 790
987 688 1118 1105 850 26 1157 1091 568 497 481 1120 481 10 460 99 926 607 1151 648 435 307 508 685 830 249 283 340 369 1 1193 587 77 305 1191 1121 1051 65 248 342 0 1149 1198 560 298 725 123 1132 6 502
1195 696 1164 57 975 231 937 724 25 83 583 936 141 56 352 302 1161 1113 275 1062 1097 944 133 266 858 1075 21 391 244 185 744 103 71 926 396 824 924 1161 944 79 1149 0 1041 232 767 229 341 250 842 614
1136 194 940 1164 86 1067 213 707 549 1158 242 204 1083 1020 13 791 272 755 374 550 969 508 667 526 919 302 1156 147 344 1012 404 492 232 1047 244 845 166 317 680 74 1198 1041 0 671 1154 92 975 781 484 931
24 7 687 1094 487 631 692 1138 997 779 819 38 358 897 1193 27 1129 953 74 146 50 575 683 566 307 880 259 209 729 826 718 420 752 64 931 1070 1102 1187 413 514 560 232 671 0 48 900 504 882 165 668
784 1140 901 809 410 908 222 1016 938 537 812 559 980 868 395 852 732 595 504 308 289 826 807 693 1059 5 590 344 730 184 249 6 778 747 407 718 610 168 654 308 298 767 1154 48 0 1066 1060 433 252 342
1060 67 112 902 816 1090 555 842 1021 1180 895 518 628 634 831 1196 1118 16 1128 703 706 597 672 791 784 118 674 602 498 1166 52 210 248 217 220 437 1168 871 134 541 725 229 92 900 1066 0 91 119 609 431
1004 912 805 795 545 800 970 924 620 42 231 464 857 821 956 761 1146 927 767 534 1053 182 411 533 932 783 57 420 15 1101 1034 730 161 1089 47 357 328 1157 260 279 123 341 975 504 1060 91 0 352 189 697
785 2 2 828 659 720 509 1061 212 493 405 269 911 66 328 789 732 870 229 312 364 61 389 102 44 350 626 774 438 924 1127 944 163 276 985 331 231 539 436 687 1132 250 781 882 433 119 352 0 436 915
354 270 687 383 314 145 65 22 908 460 230 683 546 165 364 162 854 195 215 619 608 569 207 463 1111 1070 1159 997 226 1191 882 1060 757 163 114 561 974 720 290 651 6 842 484 165 252 609 189 436 0 520
301 125 1025 20 1111 660 527 787 1076 1055 183 1200 868 678 666 59 422 113 1186 266 700 286 483 827 386 815 1191 1079 946 949 292 188 1198 435 349 809 913 89 489 790 502 614 931 668 342 431 697 915 520 0
