0 442 1160 305 699 385 977 597 894 1127 1087 22 244 537 1097 481 666 1039 412 668 1088 1159 119 843 134 393 951 616 84 880 317 599 383 612 1029 276 1125 1059
442 0 1141 1094 1061 633 405 224 533 617 48 250 537 8 30 602 32 1049 270 1147 372 904 593 853 189 712 635 639 881 674 624 726 667 430 379 169 1115 626
1160 1141 0 1060 677 998 1193 214 335 708 270 620 978 1003 1016 869 383 16 184 1174 411 583 879 457 7 148 1033 773 40 709 427 580 390 923 1199 1115 781 475
305 1094 1060 0 995 325 470 411 1019 1162 134 762 169 147 678 418 890 545 587 512 1088 559 132 542 1068 886 961 390 153 17 781 671 489 553 1124 780 726 282
699 1061 677 995 0 848 317 1184 67 797 479 1049 1041 40 916 672 627 648 600 363 856 1096 935 257 787 271 196 892 97 765 1145 1045 247 691 1109 1062 119 106
385 633 998 325 848 0 766 647 203 1148 709 980 260 1161 1195 197 1055 1108 301 518 573 647 570 109 629 783 983 1063 2 820 811 315 65 849 152 1180 691 591
977 405 1193 470 317 766 0 268 347 435 364 575 878 358 405 707 839 935 580 727 522 672 1169 455 802 1153 584 785 281 368 410 437 583 846 503 752 415 523
597 224 214 411 1184 647 268 0 932 765 612 353 182 199 717 557 659 134 187 704 400 875 104 939 624 665 342 425 393 1000 465 340 275 81 1120 1051 397 1164
894 533 335 1019 67 203 347 932 0 909 1167 987 70 383 1002 868 411 633 363 619 254 530 280 483 87 128 304 130 1057 954 257 1088 526 788 744 612 1007 394
1127 617 708 1162 797 1148 435 765 909 0 280 825 96 853 1106 1140 170 679 1177 1190 715 755 1053 1102 375 513 910 285 310 793 1140 887 901 1079 968 1003 522 249
1087 48 270 134 479 709 364 612 1167 280 0 1167 406 791 133 44 211 943 681 872 1132 53 602 257 546 82 565 54 1194 910 95 213 457 395 489 578 414 1187
22 250 620 762 1049 980 575 353 987 825 1167 0 1100 1080 622 1188 926 771 893 905 752 545 1136 750 1015 13 526 186 1148 1076 167 1192 357 528 276 431 1038 717
244 537 978 169 1041 260 878 182 70 96 406 1100 0 163 1176 718 167 316 688 522 731 1040 979 100 382 716 841 376 939 82 263 1047 1095 522 162 954 56 598
537 8 1003 147 40 1161 358 199 383 853 791 1080 163 0 289 835 366 461 876 892 1090 147 882 1045 778 517 1193 181 499 260 66 751 496 903 451 519 188 709
1097 30 1016 678 916 1195 405 717 1002 1106 133 622 1176 289 0 208 978 559 730 268 468 897 300 921 895 1103 453 1128 515 1010 596 704 837 1014 818 533 550 566
481 602 869 418 672 197 707 557 868 1140 44 1188 718 835 208 0 102 893 1156 1092 465 1191 540 10 272 453 672 192 2 645 819 762 103 366 764 1152 1174 999
666 32 383 890 627 1055 839 659 411 170 211 926 167 366 978 102 0 1114 1131 260 30 768 1097 935 1042 169 288 1088 128 1178 310 524 750 888 115 674 1092 127
1039 1049 16 545 648 1108 935 134 633 679 943 771 316 461 559 893 1114 0 616 423 12 1162 191 491 852 599 656 467 1073 83 1019 303 147 975 995 688 292 13
412 270 184 587 600 301 580 187 363 1177 681 893 688 876 730 1156 1131 616 0 151 1 1110 855 329 998 151 823 492 1061 1001 300 406 625 321 1046 45 748 166
668 1147 1174 512 363 518 727 704 619 1190 872 905 522 892 268 1092 260 423 151 0 50 2 492 371 503 139 1045 138 673 897 424 503 873 638 938 880 59 1126
1088 372 411 1088 856 573 522 400 254 715 1132 752 731 1090 468 465 30 12 1 50 0 511 726 249 56 830 1146 899 309 1177 1145 207 954 256 91 691 387 1147
1159 904 583 559 1096 647 672 875 530 755 53 545 1040 147 897 1191 768 1162 1110 2 511 0 282 527 253 288 74 1083 396 794 1034 645 602 702 141 467 556 1160
119 593 879 132 935 570 1169 104 280 1053 602 1136 979 882 300 540 1097 191 855 492 726 282 0 6 231 444 1188 861 712 640 111 239 619 779 54 220 991 82
843 853 457 542 257 109 455 939 483 1102 257 750 100 1045 921 10 935 491 329 371 249 527 6 0 640 754 469 540 762 1002 260 156 1180 883 512 1085 1099 97
134 189 7 1068 787 629 802 624 87 375 546 1015 382 778 895 272 1042 852 998 503 56 253 231 640 0 396 597 243 786 7 282 1115 565 309 175 430 575 29
393 712 148 886 271 783 1153 665 128 513 82 13 716 517 1103 453 169 599 151 139 830 288 444 754 396 0 671 1191 124 630 1062 649 146 255 355 439 667 431
951 635 1033 961 196 983 584 342 304 910 565 526 841 1193 453 672 288 656 823 1045 1146 74 1188 469 597 671 0 543 645 659 976 817 493 336 307 710 213 211
616 639 773 390 892 1063 785 425 130 285 54 186 376 181 1128 192 1088 467 492 138 899 1083 861 540 243 1191 543 0 92 175 833 850 49 504 837 921 626 744
84 881 40 153 97 2 281 393 1057 310 1194 1148 939 499 515 2 128 1073 1061 673 309 396 712 762 786 124 645 92 0 64 372 373 290 600 245 785 34 786
880 674 709 17 765 820 368 1000 954 793 910 1076 82 260 1010 645 1178 83 1001 897 1177 794 640 1002 7 630 659 175 64 0 607 163 1060 1082 590 400 1040 1156
317 624 427 781 1145 811 410 465 257 1140 95 167 263 66 596 819 310 1019 300 424 1145 1034 111 260 282 1062 976 833 372 607 0 1081 1073 191 219 846 351 427
599 726 580 671 1045 315 437 340 1088 887 213 1192 1047 751 704 762 524 303 406 503 207 645 239 156 1115 649 817 850 373 163 1081 0 396 820 1088 835 479 638
383 667 390 489 247 65 583 275 526 901 457 357 1095 496 837 103 750 147 625 873 954 602 619 1180 565 146 493 49 290 1060 1073 396 0 373 1117 243 52 332
612 430 923 553 691 849 846 81 788 1079 395 528 522 903 1014 366 888 975 321 638 256 702 779 883 309 255 336 504 600 1082 191 820 373 0 992 60 163 208
1029 379 1199 1124 1109 152 503 1120 744 968 489 276 162 451 818 764 115 995 1046 938 91 141 54 512 175 355 307 837 245 590 219 1088 1117 992 0 680 853 429
276 169 1115 780 1062 1180 752 1051 612 1003 578 431 954 519 533 1152 674 688 45 880 691 467 220 1085 430 439 710 921 785 400 846 835 243 60 680 0 808 724
1125 1115 781 726 119 691 415 397 1007 522 414 1038 56 188 550 1174 1092 292 748 59 387 556 991 1099 575 667 213 626 34 1040 351 479 52 163 853 808 0 844
1059 626 475 282 106 591 523 1164 394 249 1187 717 598 709 566 999 127 13 166 1126 1147 1160 82 97 29 431 211 744 786 1156 427 638 332 208 429 724 844 0
